"id"	"SalePrice"
1461	123388.69118079
1462	160425.977394789
1463	175850.604945244
1464	192368.629326467
1465	194348.928560284
1466	163687.431298597
1467	183756.366738325
1468	158179.672907864
1469	189088.950129322
1470	115882.291317721
1471	206343.482619567
1472	90872.4833461696
1473	90144.6501617233
1474	149966.214272244
1475	117271.555717055
1476	360712.958640625
1477	233423.297048623
1478	301333.353503628
1479	295015.006709851
1480	430265.022923349
1481	296240.923157913
1482	207876.301766005
1483	187007.882297278
1484	163433.138604857
1485	194262.878588603
1486	198316.992719189
1487	357246.07384294
1488	232942.186804029
1489	183563.810928341
1490	255060.144827344
1491	195184.239336907
1492	99493.6455734808
1493	190952.99076813
1494	284204.949145123
1495	292519.826924452
1496	241048.448368301
1497	176708.246422139
1498	148903.653450078
1499	150332.086474685
1500	142365.476875646
1501	160909.96336576
1502	135793.454073803
1503	279778.510233136
1504	230563.081210043
1505	215661.010718989
1506	187370.771025566
1507	250751.530566625
1508	208713.711153666
1509	160371.987310805
1510	139550.503076646
1511	143709.205141938
1512	184282.20985736
1513	160201.789723908
1514	160882.833025103
1515	219028.956999083
1516	163528.552857927
1517	176441.466693665
1518	132534.297967328
1519	217739.312076244
1520	125904.822791367
1521	129397.117307157
1522	178427.977845432
1523	107041.988997626
1524	131338.802572711
1525	119763.277655919
1526	121910.014336696
1527	105510.224577347
1528	143574.171748496
1529	134267.588972995
1530	190321.004580359
1531	109320.76129441
1532	104329.898378693
1533	149170.765270936
1534	126907.015702268
1535	159719.153016909
1536	111585.451380808
1537	66591.9474278679
1538	173717.354240443
1539	210514.446539697
1540	106832.034135123
1541	133237.598431736
1542	134874.084114944
1543	177679.610277093
1544	95237.2589105264
1545	118058.815087809
1546	130381.427196032
1547	138345.213757751
1548	132588.87380681
1549	105925.405914191
1550	126208.923275091
1551	113499.506017847
1552	118746.350706014
1553	144643.0756847
1554	110684.232935327
1555	162983.841700752
1556	88912.7937961585
1557	108998.736787209
1558	92874.4987191033
1559	80837.4129395418
1560	132495.070923127
1561	122734.636743618
1562	127704.61707307
1563	115415.161007549
1564	164875.080388329
1565	135152.008403848
1566	234579.676960247
1567	79316.2788686315
1568	215238.091512478
1569	114878.251541296
1570	147129.896548177
1571	117620.812880276
1572	142565.465774825
1573	251080.013132804
1574	122621.602052416
1575	238042.917393349
1576	251256.871994196
1577	182667.275510661
1578	132975.046879388
1579	144161.830743686
1580	189251.746641677
1581	159627.491129227
1582	126395.404731899
1583	297224.939514
1584	219933.987700459
1585	146148.953414143
1586	73202.4169018699
1587	108931.305965353
1588	146538.705785655
1589	112221.782812165
1590	143460.576084215
1591	93751.0245586206
1592	118024.610127683
1593	129704.381772662
1594	131676.705954238
1595	100740.373299058
1596	197314.413305345
1597	165096.466960522
1598	215032.082499342
1599	185425.867659186
1600	177319.585840792
1601	69610.2633341604
1602	111426.465168135
1603	91828.5350476848
1604	273817.166771515
1605	257725.29960606
1606	185388.861381185
1607	175687.231670518
1608	216511.885121224
1609	185786.145340045
1610	147104.268033596
1611	142862.47899378
1612	181610.840801083
1613	158502.810085354
1614	124727.643464746
1615	87919.6927619873
1616	75868.3564289105
1617	91133.9928597943
1618	123338.907123701
1619	145295.779595461
1620	153763.508367745
1621	131987.981499844
1622	134857.277795648
1623	264030.402597175
1624	218498.476506491
1625	114882.588075659
1626	173568.05593603
1627	181859.852315049
1628	281259.33375528
1629	185319.057485285
1630	346884.179872581
1631	200127.670147808
1632	234063.952387705
1633	173205.302095399
1634	185050.483164094
1635	171857.271560683
1636	159328.222070309
1637	194228.775355525
1638	218626.104243639
1639	186702.662104337
1640	286222.140230944
1641	185502.869822746
1642	231804.906315629
1643	220953.38799552
1644	222041.515785125
1645	235425.805096139
1646	166808.997310076
1647	167786.633501061
1648	126845.208870504
1649	138888.56538871
1650	118839.229610193
1651	121091.655489014
1652	94290.0032471533
1653	97991.0888248162
1654	138780.454040351
1655	139561.716638699
1656	139072.100966989
1657	140110.695179542
1658	142761.157067042
1659	120524.636969833
1660	154501.813024313
1661	490901.763368401
1662	419903.109652902
1663	373645.46192738
1664	508964.755596007
1665	310575.173271119
1666	328532.705398586
1667	415063.270381968
1668	341920.057307086
1669	319173.112544543
1670	357410.923708641
1671	248948.793775406
1672	427055.921081803
1673	287040.38912087
1674	236216.196799675
1675	191555.087332392
1676	189169.519128702
1677	217064.77683678
1678	467297.036111338
1679	361315.942130983
1680	324781.467795935
1681	265636.831154655
1682	305465.051561115
1683	180634.716562666
1684	184992.223104015
1685	172332.944987192
1686	171033.15515417
1687	179533.167943518
1688	193243.699280769
1689	195236.629628624
1690	200226.380842072
1691	184325.943789419
1692	290024.296316192
1693	178952.960381963
1694	176610.499924674
1695	166273.436965107
1696	286838.42470172
1697	173697.393386053
1698	346009.17202078
1699	268712.656597429
1700	236894.065395006
1701	267402.186437045
1702	238894.166245788
1703	241162.333979382
1704	274032.725606222
1705	242187.825643794
1706	439682.500553269
1707	212333.514757315
1708	193622.951151903
1709	250804.391399917
1710	210638.712329903
1711	277419.132039477
1712	234847.385821946
1713	268391.958098749
1714	216318.867330811
1715	197311.919541647
1716	188579.157969988
1717	175569.071930335
1718	140378.001463023
1719	199788.842428214
1720	233562.211651188
1721	177574.240960271
1722	136560.300710465
1723	168220.817297711
1724	203713.222332935
1725	239680.76672062
1726	191001.280909047
1727	166516.666176185
1728	180448.789694514
1729	165749.049246784
1730	160144.178366079
1731	120995.992397442
1732	124727.109047595
1733	112403.226291212
1734	122190.908935629
1735	142942.091640813
1736	112437.841274807
1737	348710.944231318
1738	246828.238987465
1739	272582.281788407
1740	188952.872238096
1741	180256.111556705
1742	161409.248567868
1743	171656.147778585
1744	323205.778891417
1745	198492.149936716
1746	240867.972773635
1747	232104.025546193
1748	246892.841734387
1749	149438.627828228
1750	144828.372729159
1751	266908.136109078
1752	116408.845933736
1753	142346.479877154
1754	214948.191540304
1755	175757.751568124
1756	126921.732247732
1757	118857.414464986
1758	143390.111238067
1759	177025.042649091
1760	157239.967560136
1761	155256.863530071
1762	170381.084034534
1763	181231.026423202
1764	111916.769466841
1765	181152.950499159
1766	199925.065103711
1767	260578.930263306
1768	144371.80423333
1769	175402.707369629
1770	163954.57433041
1771	121534.345466009
1772	129379.656567205
1773	120984.967705919
1774	134874.970165417
1775	140418.013115038
1776	135666.973967997
1777	110712.679600486
1778	148592.115015707
1779	104808.646761975
1780	174977.594023465
1781	126910.841135058
1782	84518.4539038388
1783	132348.113972699
1784	95981.3648518627
1785	129212.483533267
1786	117098.991753863
1787	176220.419440298
1788	62470.557562718
1789	113261.020816562
1790	70689.9977524398
1791	190684.57163627
1792	166905.654949407
1793	138843.76659466
1794	171716.22977797
1795	135345.546844195
1796	134865.009026134
1797	132398.596652786
1798	115749.02120327
1799	112476.050082378
1800	124335.309786564
1801	126374.066905183
1802	137103.865833057
1803	149082.090273188
1804	152398.557559267
1805	141234.204171861
1806	130923.533713177
1807	139201.782851247
1808	130945.425843666
1809	119582.220817359
1810	139150.668030084
1811	99334.4498371587
1812	93614.07939312
1813	122682.170771163
1814	89951.3472778582
1815	57788.8645277534
1816	103971.382862142
1817	101983.244415623
1818	147301.363605148
1819	118079.338005725
1820	65744.8833190729
1821	106186.483505803
1822	140495.692994563
1823	60571.9590789732
1824	132797.248238778
1825	131349.566281659
1826	97374.2365079135
1827	101803.635284062
1828	130727.228043577
1829	129551.14455973
1830	141087.410624624
1831	172864.452360593
1832	87035.6727500539
1833	145749.27280768
1834	119326.357199125
1835	124494.351268349
1836	128764.149753885
1837	99298.2607009157
1838	127282.089629951
1839	96902.2446880838
1840	158353.950979135
1841	139036.171116093
1842	93665.364319875
1843	133150.50655876
1844	141717.03673489
1845	136013.041515525
1846	153254.561348452
1847	157222.679288996
1848	54641.3025099487
1849	118788.671934545
1850	118469.590397315
1851	157874.279095998
1852	125473.483088752
1853	135008.135023306
1854	182433.710282907
1855	178909.605596782
1856	222007.861987216
1857	136342.010857126
1858	139825.990249723
1859	122272.967914157
1860	148111.404756938
1861	121564.813356116
1862	341187.503439959
1863	336342.362537946
1864	335832.514717915
1865	330880.318707541
1866	346929.704992797
1867	228215.098148146
1868	309727.072025249
1869	205874.113818498
1870	229902.125330395
1871	256915.268513543
1872	170431.848884786
1873	226113.14132858
1874	153551.12567842
1875	208920.0418308
1876	188309.690295819
1877	222420.552233892
1878	214642.344390097
1879	127230.483985417
1880	139465.626615605
1881	242973.838401765
1882	253235.412261077
1883	191590.973360678
1884	203482.507352405
1885	252400.885035109
1886	299700.788849454
1887	223039.677857032
1888	287907.082381172
1889	163384.951189078
1890	123569.089060767
1891	147148.787113456
1892	97803.4935365928
1893	132415.424863848
1894	126222.988488498
1895	143163.261804925
1896	126940.542624798
1897	109632.894766638
1898	111123.912131409
1899	150655.746836184
1900	133823.701924365
1901	152085.120753677
1902	133079.752864356
1903	195798.536723522
1904	127187.608863856
1905	181121.969686516
1906	158330.473353067
1907	189626.758160303
1908	107936.578084126
1909	125931.764364686
1910	115840.482658581
1911	212505.90206994
1912	333056.121584235
1913	131420.309389233
1914	80323.5013225724
1915	284330.13584494
1916	64503.7023658834
1917	257076.870363953
1918	143076.478582462
1919	193799.63021007
1920	166810.680946664
1921	390860.575012354
1922	340464.789570662
1923	246217.819957792
1924	213097.673111194
1925	214738.000440651
1926	383747.943255261
1927	140533.674446704
1928	156199.283224572
1929	130736.463556172
1930	136609.475282475
1931	142244.873165504
1932	131470.251837065
1933	164406.083971873
1934	175782.694977206
1935	156981.10211299
1936	178217.042374728
1937	180032.622371023
1938	182174.261131819
1939	248935.283904424
1940	190945.053836088
1941	173953.384054329
1942	187107.170952921
1943	199257.516798038
1944	343053.678720084
1945	376183.077423371
1946	143933.908688109
1947	318379.586479427
1948	166536.943375682
1949	265171.515005044
1950	204997.665204452
1951	263041.511308909
1952	223191.995092948
1953	174749.161297271
1954	211036.179800174
1955	130920.277956264
1956	377177.540369667
1957	160853.91245539
1958	304475.794474467
1959	139526.930648182
1960	114469.568524383
1961	117047.218756247
1962	93607.6032276257
1963	99711.9478344612
1964	102777.316431176
1965	140839.867956594
1966	145311.208490758
1967	285102.524669974
1968	385190.580451736
1969	375834.86329152
1970	440151.650710987
1971	524597.618314345
1972	388602.960447806
1973	255356.108541659
1974	343226.754568801
1975	511042.562008023
1976	260666.987783264
1977	374654.19017288
1978	343872.70263215
1979	305757.166443128
1980	196836.31508946
1981	342329.402706761
1982	221475.510852168
1983	202969.062753919
1984	164842.538183909
1985	226612.601871616
1986	224905.62039489
1987	175216.385904464
1988	174609.614877108
1989	194736.019654442
1990	208341.358949258
1991	223447.858536111
1992	210381.171900884
1993	173937.081460042
1994	251718.679861979
1995	179659.376089458
1996	244504.13526689
1997	325558.599211454
1998	290799.297052749
1999	275072.612045227
2000	312526.005853449
2001	245394.052865778
2002	277720.042981306
2003	256424.692762427
2004	257738.53332397
2005	250783.630705889
2006	204973.054848242
2007	240821.571913286
2008	198635.571882614
2009	186450.682905787
2010	196508.778504125
2011	153950.613532504
2012	179939.879451447
2013	171570.166487227
2014	183588.254129764
2015	203456.082240125
2016	186785.801221396
2017	190968.82002165
2018	117294.388707561
2019	139704.215931169
2020	118679.645738998
2021	107650.139939187
2022	183555.665610238
2023	146387.226418776
2024	279437.706601725
2025	323384.602365773
2026	169527.244940207
2027	144085.695136351
2028	159536.846896684
2029	149551.595803344
2030	260483.811250374
2031	244135.708949091
2032	260536.733682423
2033	253167.280113895
2034	160597.441214757
2035	204038.739356424
2036	195811.250072905
2037	199880.328881132
2038	316456.408881031
2039	210860.076235024
2040	315722.751301193
2041	325945.913423979
2042	195312.254760571
2043	184231.664611242
2044	178596.773857842
2045	217930.087787443
2046	145508.066515422
2047	139467.634980593
2048	136363.74629016
2049	143296.174057656
2050	180485.445072073
2051	102758.053622305
2052	131277.578030278
2053	145396.102596842
2054	84016.5609614026
2055	159226.946636592
2056	153593.851054509
2057	113204.974426468
2058	219869.543307592
2059	128490.815525947
2060	181214.371296951
2061	181268.404513498
2062	125424.776900801
2063	119465.705959148
2064	131051.543167264
2065	121208.829363022
2066	173388.626322577
2067	115947.213332566
2068	144246.925272847
2069	90524.2109937933
2070	113823.826203353
2071	91540.546580326
2072	136745.183118438
2073	140285.139185596
2074	179734.03786802
2075	143175.68779359
2076	118622.935614007
2077	137618.013070325
2078	115679.116950696
2079	137804.518337564
2080	127602.772531969
2081	125089.208182485
2082	125007.790917776
2083	140854.765557518
2084	110323.230974204
2085	115058.527408582
2086	150798.135195802
2087	134416.99170646
2088	89893.7015967085
2089	76214.6034626379
2090	123468.399778882
2091	95261.0522596319
2092	129626.008709793
2093	126822.05932109
2094	118501.293763933
2095	144153.445125394
2096	94027.7775597844
2097	94897.4506067774
2098	144589.739775563
2099	60211.382289159
2100	86446.0751377873
2101	99346.5284439562
2102	132668.285930234
2103	96603.2667021762
2104	144667.151778769
2105	119784.08275851
2106	63360.8612711245
2107	188541.167463001
2108	123307.877315626
2109	112839.046345267
2110	126382.776973395
2111	164283.800995831
2112	130795.199677255
2113	121696.100156581
2114	118543.893646282
2115	155027.397013635
2116	112858.533243913
2117	134922.328333696
2118	114298.575278323
2119	113634.932267091
2120	102471.169071036
2121	89727.8750759528
2122	96134.1427876238
2123	88961.3452675086
2124	170445.923653531
2125	133849.266936962
2126	132761.640160046
2127	160351.912116346
2128	129154.740433003
2129	108517.178340841
2130	137741.531686046
2131	139021.826673397
2132	117809.506819165
2133	124119.197260519
2134	121084.402082391
2135	102588.31034546
2136	72841.1952071826
2137	118434.257920536
2138	149899.377203605
2139	153915.917129531
2140	142637.526289681
2141	164842.196489706
2142	119522.901792098
2143	134557.519493513
2144	121317.503876157
2145	142285.146394127
2146	178371.697754227
2147	156726.564359596
2148	146613.268489298
2149	158102.531778812
2150	220926.802559725
2151	110228.171677245
2152	164602.154251577
2153	187907.894100306
2154	116786.419594427
2155	144393.040151365
2156	276256.908155427
2157	230025.132814559
2158	240897.915909354
2159	223635.202256638
2160	175059.270078674
2161	237138.439790486
2162	409028.60874614
2163	359797.90829292
2164	245857.306791704
2165	183501.461323655
2166	158028.040288396
2167	211929.514878188
2168	197861.367940103
2169	192933.383673624
2170	220499.577904398
2171	155233.490114944
2172	139051.8124625
2173	183826.070716654
2174	233420.447050281
2175	298545.024421201
2176	325386.304750366
2177	245683.874150126
2178	215746.065992714
2179	146409.902412444
2180	214824.539841205
2181	196000.77269804
2182	228413.161184249
2183	193054.7634574
2184	129542.390294365
2185	133802.710656926
2186	155767.861713182
2187	155686.211310574
2188	151582.710501192
2189	268109.564278626
2190	84792.0309243694
2191	85568.6624470056
2192	94379.052896656
2193	110534.758181189
2194	107594.290645317
2195	106543.639562969
2196	127058.792931837
2197	108867.907505625
2198	156911.051634781
2199	165555.889439446
2200	128305.302970923
2201	119904.056868611
2202	181611.640206438
2203	115415.514930432
2204	161799.160876784
2205	110860.074309951
2206	133478.1614678
2207	180338.016736096
2208	261226.422501191
2209	194447.195927249
2210	113014.325515254
2211	124841.727840629
2212	116516.217764112
2213	107661.856051904
2214	137878.192924702
2215	106896.34509059
2216	148050.49219137
2217	72032.4362411986
2218	84548.3184634783
2219	78742.0175198847
2220	74728.2122954327
2221	284330.13584494
2222	269548.672103631
2223	305533.034649662
2224	205323.380695754
2225	121642.621315966
2226	180104.554731781
2227	207268.128957803
2228	281613.064322183
2229	244034.513243146
2230	145622.172597524
2231	202840.978572206
2232	175204.114489029
2233	190553.710451486
2234	263507.839407732
2235	233288.765479298
2236	260390.792691432
2237	328391.186006879
2238	205027.253764883
2239	127458.450159592
2240	177522.767418509
2241	146705.297381573
2242	130322.844822945
2243	139875.566930889
2244	98204.9201327762
2245	93021.5586040303
2246	151710.753041112
2247	116451.564919032
2248	123913.15631364
2249	123720.221640557
2250	136799.295823581
2251	108622.257337427
2252	185052.208392091
2253	154508.485827933
2254	175741.796960692
2255	190290.374358612
2256	177673.394318047
2257	203583.204982015
2258	169734.501619622
2259	165392.979118444
2260	157655.063364397
2261	183052.338416518
2262	202187.679611026
2263	379076.707352965
2264	492038.470675467
2265	179112.674322853
2266	297305.74619576
2267	326812.692553215
2268	424243.731957354
2269	162799.280175435
2270	197592.738703377
2271	230488.075746569
2272	217019.291408448
2273	175622.588294373
2274	175435.638819515
2275	154518.706742604
2276	190099.459455061
2277	194331.092831882
2278	156719.127556975
2279	118436.810462523
2280	120128.735765229
2281	168466.986935153
2282	202041.048177138
2283	105036.095344867
2284	114040.333959424
2285	147846.403069158
2286	125820.437088932
2287	354149.524097163
2288	268935.805970487
2289	311417.846349976
2290	437794.336400105
2291	335781.340416948
2292	443739.352045789
2293	440493.434095583
2294	384532.537454606
2295	464367.583626733
2296	263335.522957141
2297	329663.837342647
2298	318348.845274983
2299	341791.782740772
2300	342160.49793722
2301	295438.771248353
2302	242381.218155522
2303	231163.34017828
2304	240382.008731372
2305	178645.402070915
2306	180953.407731393
2307	193830.828908157
2308	209779.472219388
2309	302552.814961857
2310	201898.17841712
2311	198482.152322292
2312	185430.346392989
2313	177170.73808319
2314	171848.55601564
2315	172249.005514772
2316	195634.726372368
2317	192415.654814079
2318	167834.994854617
2319	175551.140204076
2320	193477.211488932
2321	237916.550515369
2322	176294.86618218
2323	203101.868175921
2324	187352.157587731
2325	209593.149501158
2326	183809.26680904
2327	206129.240131499
2328	219296.363806651
2329	187397.32530198
2330	174296.499709755
2331	332777.94111896
2332	413361.711959951
2333	323220.402249815
2334	252547.907403178
2335	293976.589643126
2336	306877.58523134
2337	204121.838808244
2338	265517.68874939
2339	222836.599208582
2340	403880.76218169
2341	212291.355019933
2342	231409.59413309
2343	219005.204480587
2344	224229.884540722
2345	237472.757605954
2346	202967.944611401
2347	189336.3143892
2348	219219.612531402
2349	166586.022400633
2350	301163.867974303
2351	239989.71404478
2352	242641.59504097
2353	244732.759330503
2354	134124.477712284
2355	154925.016894108
2356	166106.375085461
2357	194567.181419188
2358	192924.807501527
2359	127621.708532019
2360	113078.564614624
2361	143557.6538292
2362	297790.993586363
2363	131475.061249791
2364	181173.029822237
2365	215202.557876934
2366	178820.667517868
2367	206985.115234724
2368	219417.270371813
2369	207524.845590896
2370	151685.93462319
2371	154718.682149601
2372	183016.396704221
2373	307931.144456106
2374	323670.022836356
2375	233156.761272428
2376	283931.419045297
2377	310021.324027216
2378	148875.313608543
2379	223024.414865556
2380	154109.32098233
2381	166641.417411474
2382	224739.743849766
2383	204991.266544325
2384	252676.035378253
2385	169221.38047607
2386	132932.25723943
2387	134819.951374351
2388	110403.798124028
2389	126967.954930871
2390	141141.674378611
2391	137085.820020549
2392	117613.955411087
2393	169242.310499113
2394	137200.060294155
2395	202011.06817021
2396	141815.78576461
2397	232443.256617038
2398	128533.527187426
2399	64322.5165439517
2400	65218.6410278322
2401	114842.198751473
2402	135339.640349461
2403	143039.080626642
2404	153615.705464489
2405	156856.000113197
2406	143344.041774169
2407	125932.782756765
2408	148171.540920465
2409	119958.167722666
2410	182989.944957863
2411	114274.959257502
2412	147841.829298507
2413	124591.207391601
2414	162319.493009895
2415	130802.386566177
2416	132945.473933
2417	130379.728311968
2418	132006.491392772
2419	114229.266683023
2420	120314.314913602
2421	151584.917183157
2422	113226.672926956
2423	106787.6724554
2424	135472.019873684
2425	221296.664910559
2426	130970.538838583
2427	122197.396235466
2428	173341.022868185
2429	119229.151105411
2430	137662.451046557
2431	109589.103575088
2432	134706.918158642
2433	139361.402828759
2434	129304.706860042
2435	144925.310120129
2436	99083.2141436293
2437	103581.438071546
2438	117636.484406681
2439	116099.072135269
2440	122812.535090992
2441	100709.535350498
2442	95019.6476690734
2443	136124.855773583
2444	114856.356573805
2445	83225.8888408768
2446	136112.878426471
2447	198029.694604879
2448	136592.098021873
2449	102090.911690691
2450	154080.409582116
2451	112986.6842296
2452	193436.828241027
2453	95550.5388387489
2454	122003.213443182
2455	121891.929907397
2456	129603.030927111
2457	118629.596559561
2458	115943.906209064
2459	110313.715803242
2460	127796.448168687
2461	128824.596083907
2462	123984.678212144
2463	122407.154433658
2464	170223.535334928
2465	131081.238433835
2466	106868.640596649
2467	136842.490315244
2468	90023.8777647952
2469	84360.5939102566
2470	212329.993056941
2471	226890.824237131
2472	156290.945161216
2473	118163.146562823
2474	81329.6135762026
2475	225745.644907836
2476	112580.364846811
2477	126779.209078698
2478	156729.43712479
2479	111286.962366088
2480	159467.287674959
2481	116200.254538107
2482	130833.278001602
2483	109312.427418584
2484	119226.600027637
2485	128891.896720751
2486	139653.728409221
2487	176418.064118626
2488	160932.129028705
2489	153961.066002853
2490	139954.450000249
2491	102408.927752037
2492	185133.059183385
2493	163728.227624138
2494	164023.037494332
2495	115132.790361571
2496	243684.486909284
2497	154323.935632269
2498	103048.197886352
2499	95885.9765324201
2500	129181.66116059
2501	130986.72230975
2502	150468.018844433
2503	100432.675224955
2504	207637.259404687
2505	223826.081571969
2506	238210.747061096
2507	257681.235739238
2508	241233.590386066
2509	215872.440358054
2510	217184.057334505
2511	182006.20360476
2512	198821.023402583
2513	223361.061724027
2514	236184.140920691
2515	142754.913229743
2516	168001.436385172
2517	145143.875358005
2518	146997.797078267
2519	219276.205723097
2520	213261.669296999
2521	191420.518409004
2522	226052.070638041
2523	125764.450210823
2524	136824.347043285
2525	154082.206632143
2526	132559.08569187
2527	118835.948815208
2528	126141.940589017
2529	130311.922430892
2530	131408.825295863
2531	249497.257198262
2532	229211.936108048
2533	191692.587586557
2534	227361.465457141
2535	308790.06696105
2536	257197.573335192
2537	231619.003568053
2538	177427.230340315
2539	195465.084152069
2540	180649.530041444
2541	182689.560411799
2542	159926.190719364
2543	126635.108327987
2544	120392.140278137
2545	135895.94744439
2546	138349.148751969
2547	147959.254835309
2548	151905.444698678
2549	151444.23249498
2550	806080.29393695
2551	150905.460872441
2552	122438.872604044
2553	78080.2307818175
2554	110134.022984807
2555	120988.958094679
2556	98032.8025667982
2557	108888.914428831
2558	157363.645818346
2559	115927.359442847
2560	124127.459313135
2561	122762.709148213
2562	126167.526204349
2563	130549.142536652
2564	172537.968453019
2565	121939.079717642
2566	131140.21003023
2567	122102.68391797
2568	172979.856518723
2569	199981.264982728
2570	113214.23577425
2571	171074.392127168
2572	157827.503576537
2573	206126.508949194
2574	286087.347630988
2575	134313.910685361
2576	125761.694791564
2577	148695.5404677
2578	93792.3654563886
2579	61974.9461548409
2580	109679.600020467
2581	125570.272398046
2582	136251.31993747
2583	260390.071574272
2584	193993.805624736
2585	189050.342489648
2586	237586.049638044
2587	205741.512406482
2588	147083.048181529
2589	155746.924031038
2590	213456.176327924
2591	237796.136401586
2592	206771.047503553
2593	239722.046825288
2594	194063.787591247
2595	216001.29012932
2596	287468.300226155
2597	193561.571091463
2598	281271.451010119
2599	351684.92146166
2600	156285.918334507
2601	149913.555368369
2602	79933.3684793479
2603	85600.7742419507
2604	84868.8150963835
2605	76951.4175484439
2606	144687.578663508
2607	198988.772426318
2608	218842.679018908
2609	166415.229579007
2610	116841.281486212
2611	131351.754261169
2612	163692.197865965
2613	135863.565432103
2614	127270.236820792
2615	148439.891086591
2616	161059.512741771
2617	174907.687553969
2618	207388.297058769
2619	196993.446544394
2620	172151.801469397
2621	170283.968237219
2622	173581.506544844
2623	250479.835001298
2624	282633.895155081
2625	278058.686746828
2626	179429.690496973
2627	160795.95503202
2628	464544.058656609
2629	527500.777384632
2630	344671.899926517
2631	480712.269626315
2632	406502.3802128
2633	300416.915977034
2634	413836.709083175
2635	165557.934376298
2636	181303.302953723
2637	188873.821304119
2638	255162.845473304
2639	202024.231474519
2640	156394.68981137
2641	99860.5937798556
2642	200945.655362016
2643	104289.958498259
2644	127941.478010735
2645	105169.92853168
2646	91174.4413722391
2647	97259.5724443825
2648	150118.558767464
2649	152181.452863996
2650	142986.952212123
2651	134254.12407119
2652	437560.877579693
2653	243726.933339757
2654	247330.159132594
2655	387197.772849709
2656	298493.546779539
2657	356622.12520267
2658	298802.597025326
2659	302798.75591549
2660	358282.788597678
2661	338554.176519548
2662	356727.281046216
2663	283987.968558896
2664	284965.958434977
2665	322326.197384613
2666	281431.999371315
2667	171851.315795863
2668	181892.932593751
2669	179286.535696427
2670	272731.006320049
2671	179055.412758344
2672	189199.148483806
2673	203547.68500077
2674	206881.884622085
2675	161783.063918989
2676	193781.853034535
2677	194386.464936719
2678	258322.221549061
2679	263192.69872242
2680	278652.036880334
2681	425019.644802916
2682	306014.183382267
2683	515633.809368274
2684	292085.670080227
2685	319745.983971441
2686	242292.089408827
2687	322181.803368534
2688	215231.434184048
2689	198764.857617884
2690	453909.934683002
2691	180307.259044187
2692	138784.70414522
2693	194919.610970922
2694	147270.914664339
2695	191941.943433034
2696	183966.230288303
2697	172930.782518832
2698	203613.044305848
2699	186362.330261043
2700	164753.770248957
2701	149092.556085989
2702	113757.572751247
2703	142254.122780786
2704	143564.908942294
2705	116834.648519156
2706	116460.98703435
2707	124166.35566306
2708	131007.66128282
2709	112600.843641155
2710	125805.325704447
2711	313605.457473352
2712	387575.965853831
2713	164034.212964263
2714	136093.479592811
2715	156362.54809533
2716	140428.366694856
2717	185205.863405872
2718	213973.028086259
2719	161766.628152281
2720	192506.123868281
2721	132550.606141769
2722	160378.540573022
2723	161477.098842128
2724	124988.381729375
2725	126015.677434522
2726	142629.528332527
2727	193889.693405857
2728	167513.429637554
2729	135987.571033381
2730	146616.858928798
2731	129830.183708723
2732	124481.846797491
2733	160156.991649362
2734	146758.197171089
2735	129201.997426664
2736	137994.575728431
2737	116765.289093346
2738	135920.469770815
2739	163653.849261952
2740	139081.531869024
2741	126320.793812289
2742	151349.396731675
2743	148063.50918368
2744	153537.513291222
2745	154981.947895429
2746	127881.429625042
2747	163022.928803694
2748	137850.405272697
2749	130183.672049096
2750	126314.822328688
2751	130594.220690182
2752	211383.809317178
2753	144505.42267053
2754	216476.494655491
2755	132011.66294319
2756	95586.4700441527
2757	77482.0960554337
2758	74505.117003535
2759	148088.075906173
2760	105392.137263095
2761	136263.651273486
2762	136016.67172534
2763	207038.573407351
2764	163454.419775917
2765	291138.028995074
2766	130386.812515595
2767	81478.219679822
2768	119513.20802611
2769	121366.942804484
2770	153416.709018902
2771	112488.91829787
2772	115427.662199211
2773	147437.552744486
2774	143037.466974048
2775	116935.161812037
2776	142319.596047039
2777	133744.642959908
2778	113657.193979168
2779	120084.124914845
2780	107785.694452134
2781	99848.1823780207
2782	96676.0068454196
2783	89315.2384537841
2784	130218.222545472
2785	127599.310561528
2786	65349.3865929217
2787	126957.457551417
2788	74539.6682233386
2789	159053.395687077
2790	93353.3743826976
2791	115146.406044845
2792	69609.6069938511
2793	150951.753516602
2794	91147.8414443876
2795	114755.254505369
2796	95209.4300264082
2797	219955.891596656
2798	118073.323892958
2799	103071.806765255
2800	85049.4198041276
2801	114369.821161356
2802	133081.509342049
2803	156288.816566589
2804	134891.779262584
2805	105473.734979301
2806	84327.01027203
2807	158376.400692414
2808	143202.200195158
2809	135955.911570884
2810	132184.802984676
2811	147054.825014791
2812	162522.766612884
2813	146626.755764866
2814	148935.085241713
2815	103800.509182697
2816	225513.929587294
2817	139677.392956222
2818	135211.74359537
2819	161154.770482218
2820	131583.755561583
2821	108380.988392485
2822	209123.136490061
2823	338109.092692446
2824	157781.77307417
2825	145602.831048378
2826	137089.351091297
2827	140634.92392605
2828	254668.130037961
2829	226208.977588044
2830	223809.291784172
2831	184626.509780658
2832	246379.449316234
2833	298782.894298607
2834	204280.466875741
2835	209654.630117227
2836	185573.760603516
2837	173061.930973564
2838	147566.302361164
2839	174896.736459249
2840	194309.687924159
2841	200496.059225846
2842	230328.23387993
2843	140624.700915989
2844	177497.159797717
2845	129442.281570058
2846	204702.349295134
2847	188441.904757247
2848	225684.905165676
2849	201338.433254398
2850	286645.288119796
2851	236621.814026447
2852	233948.510324428
2853	229687.456433326
2854	146489.298376343
2855	210840.460489702
2856	194287.277054744
2857	184934.357102868
2858	209144.666962452
2859	111642.117713734
2860	142674.971416403
2861	139126.305622467
2862	192006.79079025
2863	135370.762619683
2864	266220.956314683
2865	147148.787113456
2866	177758.271987697
2867	92870.7141548423
2868	99089.2662916616
2869	110106.820437641
2870	139971.059794806
2871	84396.4333993474
2872	55074.9733912047
2873	112108.384643826
2874	132974.898041917
2875	131771.230136348
2876	159830.969205515
2877	126801.016522228
2878	156559.407238087
2879	132364.946007144
2880	97787.1106185657
2881	132083.469075712
2882	152414.776380927
2883	178776.996934861
2884	188136.282148541
2885	165457.513762043
2886	226404.752270506
2887	113500.026639739
2888	131552.619390384
2889	68562.2793142216
2890	82413.5648684586
2891	143773.648074511
2892	71871.1930208371
2893	114424.685547725
2894	67362.8135117218
2895	319938.587182502
2896	278145.169857258
2897	211946.728032643
2898	153236.099886909
2899	230128.354177938
2900	161948.851133068
2901	205693.588742537
2902	196693.861838999
2903	334713.489258745
2904	328107.391996009
2905	88243.8431932499
2906	202112.073792548
2907	111157.766519833
2908	129119.82853034
2909	153076.205123796
2910	82425.4129561569
2911	79828.9941889567
2912	140940.820145802
2913	84935.7497398582
2914	78287.4649493691
2915	89048.4004497429
2916	85650.0422407361
2917	168733.625729086
2918	121410.896674793
2919	221366.407214186
